,ClientMacAddr,frequency,Name,Job_Title,security_level,classification,Level,lat,lng,localtime
0,80:58:f8:55:75:71,35,Nicholas Kline,Social Media Manager,0.0,employee,0,51.46091508809903,-0.9323718557922792,2019-10-23 11:18:23.637
1,80:58:f8:55:75:71,35,Nicholas Kline,Social Media Manager,0.0,employee,0,51.46091508809903,-0.9323718557922792,2019-10-23 11:18:18.622
2,80:58:f8:55:75:71,35,Nicholas Kline,Social Media Manager,0.0,employee,0,51.46091508809903,-0.9323718557922792,2019-10-23 11:18:08.596
3,80:58:f8:55:75:71,35,Nicholas Kline,Social Media Manager,0.0,employee,0,51.46091508809903,-0.9323718557922792,2019-10-23 11:17:58.468
4,80:58:f8:55:75:71,35,Nicholas Kline,Social Media Manager,0.0,employee,0,51.46091508809903,-0.9323718557922792,2019-10-23 11:17:48.043
5,80:58:f8:55:75:71,35,Nicholas Kline,Social Media Manager,0.0,employee,0,51.46091508809903,-0.9323718557922792,2019-10-23 11:17:38.016
6,80:58:f8:55:75:71,35,Nicholas Kline,Social Media Manager,0.0,employee,0,51.46091508809903,-0.9323718557922792,2019-10-23 11:17:27.983
7,80:58:f8:55:75:71,35,Nicholas Kline,Social Media Manager,0.0,employee,0,51.46091508809903,-0.9323718557922792,2019-10-23 11:17:17.952
8,80:58:f8:55:75:71,35,Nicholas Kline,Social Media Manager,0.0,employee,0,51.46091508809903,-0.9323718557922792,2019-10-23 11:17:07.731
9,80:58:f8:55:75:71,35,Nicholas Kline,Social Media Manager,0.0,employee,0,51.46091508809903,-0.9323718557922792,2019-10-23 11:16:57.698
10,80:58:f8:55:75:71,35,Nicholas Kline,Social Media Manager,0.0,employee,0,51.46093411527386,-0.9323815405226696,2019-10-23 11:16:47.358
11,80:58:f8:55:75:71,35,Nicholas Kline,Social Media Manager,0.0,employee,0,51.46091508809903,-0.9323718557922792,2019-10-23 11:16:37.331
12,80:58:f8:55:75:71,35,Nicholas Kline,Social Media Manager,0.0,employee,0,51.46091508809903,-0.9323718557922792,2019-10-23 11:16:27.209
13,80:58:f8:55:75:71,35,Nicholas Kline,Social Media Manager,0.0,employee,0,51.46071774,-0.93239636,2019-10-15 09:13:08.095
14,80:58:f8:55:75:71,35,Nicholas Kline,Social Media Manager,0.0,employee,0,51.46071774,-0.93239636,2019-10-15 09:12:56.258
15,80:58:f8:55:75:71,35,Nicholas Kline,Social Media Manager,0.0,employee,0,51.46071774,-0.93239636,2019-10-15 09:12:40.412
16,80:58:f8:55:75:71,35,Nicholas Kline,Social Media Manager,0.0,employee,0,51.46071774,-0.93239636,2019-10-15 09:12:32.394
17,80:58:f8:55:75:71,35,Nicholas Kline,Social Media Manager,0.0,employee,0,51.46094269,-0.9321665,2019-10-15 09:12:22.057
18,80:58:f8:55:75:71,35,Nicholas Kline,Social Media Manager,0.0,employee,0,51.46089230061145,-0.9322179892414024,2019-10-15 09:12:11.930
19,80:58:f8:55:75:71,35,Nicholas Kline,Social Media Manager,0.0,employee,0,51.46071774,-0.93239636,2019-10-15 09:11:56.878
20,80:58:f8:55:75:71,35,Nicholas Kline,Social Media Manager,0.0,employee,0,51.46094269,-0.9321665,2019-10-15 09:11:42.533
21,80:58:f8:55:75:71,35,Nicholas Kline,Social Media Manager,0.0,employee,0,51.46094269,-0.9321665,2019-10-15 09:11:29.895
22,80:58:f8:55:75:71,35,Nicholas Kline,Social Media Manager,0.0,employee,0,51.46089230061145,-0.9322179892414024,2019-10-15 09:11:19.263
23,80:58:f8:55:75:71,35,Nicholas Kline,Social Media Manager,0.0,employee,0,51.46089230061145,-0.9322179892414024,2019-10-15 09:11:03.339
24,80:58:f8:55:75:71,35,Nicholas Kline,Social Media Manager,0.0,employee,0,51.46089230061145,-0.9322179892414024,2019-10-15 09:10:56.514
25,80:58:f8:55:75:71,35,Nicholas Kline,Social Media Manager,0.0,employee,0,51.46094269,-0.9321665,2019-10-15 09:10:49.683
26,80:58:f8:55:75:71,35,Nicholas Kline,Social Media Manager,0.0,employee,0,51.46089230061145,-0.9322179892414024,2019-10-15 09:10:38.162
27,80:58:f8:55:75:71,35,Nicholas Kline,Social Media Manager,0.0,employee,0,51.46089230061145,-0.9322179892414024,2019-10-15 09:10:26.419
28,80:58:f8:55:75:71,35,Nicholas Kline,Social Media Manager,0.0,employee,0,51.46089230061145,-0.9322179892414024,2019-10-15 09:10:14.183
29,80:58:f8:55:75:71,35,Nicholas Kline,Social Media Manager,0.0,employee,0,51.46089230061145,-0.9322179892414024,2019-10-15 09:10:03.353
30,80:58:f8:55:75:71,35,Nicholas Kline,Social Media Manager,0.0,employee,0,51.46089230061145,-0.9322179892414024,2019-10-15 09:09:57.542
31,80:58:f8:55:75:71,35,Nicholas Kline,Social Media Manager,0.0,employee,0,51.46094269,-0.9321665,2019-10-15 09:09:39.581
32,80:58:f8:55:75:71,35,Nicholas Kline,Social Media Manager,0.0,employee,0,51.46071774,-0.93239636,2019-10-15 09:09:26.372
33,80:58:f8:55:75:71,35,Nicholas Kline,Social Media Manager,0.0,employee,0,51.46089230061145,-0.9322179892414024,2019-10-15 09:09:18.521
34,80:58:f8:55:75:71,35,Nicholas Kline,Social Media Manager,0.0,employee,0,51.46094269,-0.9321665,2019-10-15 09:09:07.689
35,f4:f5:24:6b:30:f5,35,Caleb Fleming,SEO Specialist,3.0,employee,0,51.4603952,-0.93276948,2019-10-15 13:45:17.659
36,f4:f5:24:6b:30:f5,35,Caleb Fleming,SEO Specialist,3.0,employee,0,51.4603952,-0.93276948,2019-10-15 13:44:38.661
37,f4:f5:24:6b:30:f5,35,Caleb Fleming,SEO Specialist,3.0,employee,0,51.4603952,-0.93276948,2019-10-15 13:43:33.309
38,f4:f5:24:6b:30:f5,35,Caleb Fleming,SEO Specialist,3.0,employee,0,51.46039235,-0.93249525,2019-10-15 13:42:03.257
39,f4:f5:24:6b:30:f5,35,Caleb Fleming,SEO Specialist,3.0,employee,0,51.4603952,-0.93276948,2019-10-15 13:41:48.113
40,f4:f5:24:6b:30:f5,35,Caleb Fleming,SEO Specialist,3.0,employee,0,51.46039235,-0.93249525,2019-10-15 13:40:51.964
41,f4:f5:24:6b:30:f5,35,Caleb Fleming,SEO Specialist,3.0,employee,0,51.4603952,-0.93276948,2019-10-15 13:40:10.670
42,f4:f5:24:6b:30:f5,35,Caleb Fleming,SEO Specialist,3.0,employee,0,51.4603952,-0.93276948,2019-10-15 13:39:24.449
43,f4:f5:24:6b:30:f5,35,Caleb Fleming,SEO Specialist,3.0,employee,0,51.46039435837341,-0.9326884978037538,2019-10-15 13:38:44.750
44,f4:f5:24:6b:30:f5,35,Caleb Fleming,SEO Specialist,3.0,employee,0,51.46039435837341,-0.9326884978037538,2019-10-15 13:38:13.268
45,f4:f5:24:6b:30:f5,35,Caleb Fleming,SEO Specialist,3.0,employee,0,51.4603952,-0.93276948,2019-10-15 13:38:07.156
46,f4:f5:24:6b:30:f5,35,Caleb Fleming,SEO Specialist,3.0,employee,0,51.4603952,-0.93276948,2019-10-15 13:37:59.438
47,f4:f5:24:6b:30:f5,35,Caleb Fleming,SEO Specialist,3.0,employee,0,51.46039235,-0.93249525,2019-10-15 13:37:25.143
48,f4:f5:24:6b:30:f5,35,Caleb Fleming,SEO Specialist,3.0,employee,0,51.46039435837341,-0.9326884978037538,2019-10-15 13:37:18.431
49,f4:f5:24:6b:30:f5,35,Caleb Fleming,SEO Specialist,3.0,employee,0,51.46039235,-0.93249525,2019-10-15 13:37:01.883
50,f4:f5:24:6b:30:f5,35,Caleb Fleming,SEO Specialist,3.0,employee,0,51.46039435837341,-0.9326884978037538,2019-10-15 13:36:48.649
51,f4:f5:24:6b:30:f5,35,Caleb Fleming,SEO Specialist,3.0,employee,0,51.46039235,-0.93249525,2019-10-15 13:36:35.017
52,f4:f5:24:6b:30:f5,35,Caleb Fleming,SEO Specialist,3.0,employee,0,51.46039435837341,-0.9326884978037538,2019-10-15 13:36:21.584
53,f4:f5:24:6b:30:f5,35,Caleb Fleming,SEO Specialist,3.0,employee,0,51.46039235,-0.93249525,2019-10-15 13:36:17.378
54,f4:f5:24:6b:30:f5,35,Caleb Fleming,SEO Specialist,3.0,employee,0,51.46039235,-0.93249525,2019-10-15 13:36:04.438
55,f4:f5:24:6b:30:f5,35,Caleb Fleming,SEO Specialist,3.0,employee,0,51.46039235,-0.93249525,2019-10-15 13:35:54.713
56,f4:f5:24:6b:30:f5,35,Caleb Fleming,SEO Specialist,3.0,employee,0,51.46039435837341,-0.9326884978037538,2019-10-15 13:35:47.498
57,f4:f5:24:6b:30:f5,35,Caleb Fleming,SEO Specialist,3.0,employee,0,51.46039435837341,-0.9326884978037538,2019-10-15 13:35:38.414
58,f4:f5:24:6b:30:f5,35,Caleb Fleming,SEO Specialist,3.0,employee,0,51.46039235,-0.93249525,2019-10-15 13:35:06.792
59,f4:f5:24:6b:30:f5,35,Caleb Fleming,SEO Specialist,3.0,employee,0,51.46039235,-0.93249525,2019-10-15 13:34:50.648
60,f4:f5:24:6b:30:f5,35,Caleb Fleming,SEO Specialist,3.0,employee,0,51.4603952,-0.93276948,2019-10-15 13:34:44.739
61,f4:f5:24:6b:30:f5,35,Caleb Fleming,SEO Specialist,3.0,employee,0,51.46039235,-0.93249525,2019-10-15 13:34:14.055
62,f4:f5:24:6b:30:f5,35,Caleb Fleming,SEO Specialist,3.0,employee,0,51.46039235,-0.93249525,2019-10-15 13:33:54.899
63,f4:f5:24:6b:30:f5,35,Caleb Fleming,SEO Specialist,3.0,employee,0,51.4603952,-0.93276948,2019-10-15 13:33:49.388
64,f4:f5:24:6b:30:f5,35,Caleb Fleming,SEO Specialist,3.0,employee,0,51.46039235,-0.93249525,2019-10-15 13:33:35.058
65,f4:f5:24:6b:30:f5,35,Caleb Fleming,SEO Specialist,3.0,employee,0,51.4603952,-0.93276948,2019-10-15 13:33:27.025
66,f4:f5:24:6b:30:f5,35,Caleb Fleming,SEO Specialist,3.0,employee,0,51.46039235,-0.93249525,2019-10-15 13:33:18.006
67,f4:f5:24:6b:30:f5,35,Caleb Fleming,SEO Specialist,3.0,employee,0,51.4603952,-0.93276948,2019-10-15 13:33:07.688
68,f4:f5:24:6b:30:f5,35,Caleb Fleming,SEO Specialist,3.0,employee,0,51.4603952,-0.93276948,2019-10-15 13:31:55.484
69,f4:f5:24:6b:30:f5,35,Caleb Fleming,SEO Specialist,3.0,employee,0,51.4603952,-0.93276948,2019-10-15 13:31:06.463
70,80:58:f8:34:4e:6e,35,Reginald Taylor,Product Designer,1.0,employee,0,51.46094269,-0.9321665,2019-10-17 08:49:11.513
71,80:58:f8:34:4e:6e,35,Reginald Taylor,Product Designer,1.0,employee,0,51.46071774,-0.93239636,2019-10-17 08:48:52.862
72,80:58:f8:34:4e:6e,35,Reginald Taylor,Product Designer,1.0,employee,0,51.46071774,-0.93239636,2019-10-17 08:47:50.002
73,80:58:f8:34:4e:6e,35,Reginald Taylor,Product Designer,1.0,employee,0,51.46094269,-0.9321665,2019-10-17 08:47:42.885
74,80:58:f8:34:4e:6e,35,Reginald Taylor,Product Designer,1.0,employee,0,51.46092960181456,-0.9321752158236856,2019-10-17 08:47:14.515
75,80:58:f8:34:4e:6e,35,Reginald Taylor,Product Designer,1.0,employee,0,51.46092960181456,-0.9321752158236856,2019-10-17 08:47:05.098
76,80:58:f8:34:4e:6e,35,Reginald Taylor,Product Designer,1.0,employee,0,51.46087348830101,-0.9322337878545104,2019-10-17 08:46:59.780
77,80:58:f8:34:4e:6e,35,Reginald Taylor,Product Designer,1.0,employee,0,51.46094269,-0.9321665,2019-10-17 08:46:43.940
78,80:58:f8:34:4e:6e,35,Reginald Taylor,Product Designer,1.0,employee,0,51.46071774,-0.93239636,2019-10-17 08:46:37.533
79,80:58:f8:34:4e:6e,35,Reginald Taylor,Product Designer,1.0,employee,0,51.460881925588,-0.9322285907212524,2019-10-17 08:46:24.498
80,80:58:f8:34:4e:6e,35,Reginald Taylor,Product Designer,1.0,employee,0,51.46087348830101,-0.9322337878545104,2019-10-17 08:46:15.880
81,80:58:f8:34:4e:6e,35,Reginald Taylor,Product Designer,1.0,employee,0,51.46094269,-0.9321665,2019-10-17 08:46:03.976
82,80:58:f8:34:4e:6e,35,Reginald Taylor,Product Designer,1.0,employee,0,51.46071774,-0.93239636,2019-10-17 08:45:54.222
83,80:58:f8:34:4e:6e,35,Reginald Taylor,Product Designer,1.0,employee,0,51.4606993222075,-0.93240313720475,2019-10-17 08:45:40.734
84,80:58:f8:34:4e:6e,35,Reginald Taylor,Product Designer,1.0,employee,0,51.46087348830101,-0.9322337878545104,2019-10-17 08:45:39.184
85,80:58:f8:34:4e:6e,35,Reginald Taylor,Product Designer,1.0,employee,0,51.4606993222075,-0.93240313720475,2019-10-17 08:45:28.759
86,80:58:f8:34:4e:6e,35,Reginald Taylor,Product Designer,1.0,employee,0,51.46092960181456,-0.9321752158236856,2019-10-17 08:45:19.440
87,80:58:f8:34:4e:6e,35,Reginald Taylor,Product Designer,1.0,employee,0,51.46071774,-0.93239636,2019-10-17 08:45:09.911
88,80:58:f8:34:4e:6e,35,Reginald Taylor,Product Designer,1.0,employee,0,51.4606993222075,-0.93240313720475,2019-10-17 08:44:57.378
89,80:58:f8:34:4e:6e,35,Reginald Taylor,Product Designer,1.0,employee,0,51.46092960181456,-0.9321752158236856,2019-10-17 08:44:37.731
90,80:58:f8:34:4e:6e,35,Reginald Taylor,Product Designer,1.0,employee,0,51.4606993222075,-0.93240313720475,2019-10-17 08:44:26.907
91,80:58:f8:34:4e:6e,35,Reginald Taylor,Product Designer,1.0,employee,0,51.46071774,-0.93239636,2019-10-17 08:44:06.960
92,80:58:f8:34:4e:6e,35,Reginald Taylor,Product Designer,1.0,employee,0,51.46094269,-0.9321665,2019-10-17 08:43:43.094
93,80:58:f8:34:4e:6e,35,Reginald Taylor,Product Designer,1.0,employee,0,51.46094269,-0.9321665,2019-10-17 08:43:34.570
94,80:58:f8:34:4e:6e,35,Reginald Taylor,Product Designer,1.0,employee,0,51.460881925588,-0.9322285907212524,2019-10-17 08:43:20.537
95,80:58:f8:34:4e:6e,35,Reginald Taylor,Product Designer,1.0,employee,0,51.4606993222075,-0.93240313720475,2019-10-17 08:42:56.884
96,80:58:f8:34:4e:6e,35,Reginald Taylor,Product Designer,1.0,employee,0,51.46094269,-0.9321665,2019-10-17 08:42:31.722
97,80:58:f8:34:4e:6e,35,Reginald Taylor,Product Designer,1.0,employee,0,51.46071774,-0.93239636,2019-10-17 08:42:26.913
98,80:58:f8:34:4e:6e,35,Reginald Taylor,Product Designer,1.0,employee,0,51.460881925588,-0.9322285907212524,2019-10-17 08:41:53.333
99,80:58:f8:34:4e:6e,35,Reginald Taylor,Product Designer,1.0,employee,0,51.46071774,-0.93239636,2019-10-17 08:41:33.388
100,80:58:f8:34:4e:6e,35,Reginald Taylor,Product Designer,1.0,employee,0,51.46094269,-0.9321665,2019-10-17 08:41:23.459
101,80:58:f8:34:4e:6e,35,Reginald Taylor,Product Designer,1.0,employee,0,51.46071774,-0.93239636,2019-10-17 08:40:45.272
102,80:58:f8:34:4e:6e,35,Reginald Taylor,Product Designer,1.0,employee,0,51.46094269,-0.9321665,2019-10-17 08:40:26.325
103,80:58:f8:34:4e:6e,35,Reginald Taylor,Product Designer,1.0,employee,0,51.46071774,-0.93239636,2019-10-17 08:39:45.530
104,80:58:f8:34:4e:6e,35,Reginald Taylor,Product Designer,1.0,employee,0,51.46071774,-0.93239636,2019-10-17 08:37:50.549
105,80:58:f8:48:1a:71,31,Timothy Richardson,Sales Associate,0.0,employee,0,51.46071774,-0.93239636,2019-10-14 12:47:48.206
106,80:58:f8:48:1a:71,31,Timothy Richardson,Sales Associate,0.0,employee,0,51.46071774,-0.93239636,2019-10-14 12:46:26.100
107,80:58:f8:48:1a:71,31,Timothy Richardson,Sales Associate,0.0,employee,0,51.46071774,-0.93239636,2019-10-14 12:45:57.531
108,80:58:f8:48:1a:71,31,Timothy Richardson,Sales Associate,0.0,employee,0,51.46071774,-0.93239636,2019-10-14 12:44:13.275
109,80:58:f8:48:1a:71,31,Timothy Richardson,Sales Associate,0.0,employee,0,51.46094269,-0.9321665,2019-10-14 12:43:46.315
110,80:58:f8:48:1a:71,31,Timothy Richardson,Sales Associate,0.0,employee,0,51.46071774,-0.93239636,2019-10-14 12:43:36.288
111,80:58:f8:48:1a:71,31,Timothy Richardson,Sales Associate,0.0,employee,0,51.46094269,-0.9321665,2019-10-14 12:43:23.757
112,80:58:f8:48:1a:71,31,Timothy Richardson,Sales Associate,0.0,employee,0,51.46071774,-0.93239636,2019-10-14 12:43:11.231
113,80:58:f8:48:1a:71,31,Timothy Richardson,Sales Associate,0.0,employee,0,51.46094269,-0.9321665,2019-10-14 12:43:01.304
114,80:58:f8:48:1a:71,31,Timothy Richardson,Sales Associate,0.0,employee,0,51.46071774,-0.93239636,2019-10-14 12:42:44.464
115,80:58:f8:48:1a:71,31,Timothy Richardson,Sales Associate,0.0,employee,0,51.46094269,-0.9321665,2019-10-14 12:42:31.030
116,80:58:f8:48:1a:71,31,Timothy Richardson,Sales Associate,0.0,employee,0,51.46094269,-0.9321665,2019-10-14 12:42:27.524
117,80:58:f8:48:1a:71,31,Timothy Richardson,Sales Associate,0.0,employee,0,51.46090135021295,-0.9322087421135836,2019-10-14 12:42:11.683
118,80:58:f8:48:1a:71,31,Timothy Richardson,Sales Associate,0.0,employee,0,51.46090135021295,-0.9322087421135836,2019-10-14 12:42:05.282
119,80:58:f8:48:1a:71,31,Timothy Richardson,Sales Associate,0.0,employee,0,51.46090135021295,-0.9322087421135836,2019-10-14 12:41:52.051
120,80:58:f8:48:1a:71,31,Timothy Richardson,Sales Associate,0.0,employee,0,51.46094269,-0.9321665,2019-10-14 12:41:48.537
121,80:58:f8:48:1a:71,31,Timothy Richardson,Sales Associate,0.0,employee,0,51.46090135021295,-0.9322087421135836,2019-10-14 12:41:32.602
122,80:58:f8:48:1a:71,31,Timothy Richardson,Sales Associate,0.0,employee,0,51.46090135021295,-0.9322087421135836,2019-10-14 12:41:26.890
123,80:58:f8:48:1a:71,31,Timothy Richardson,Sales Associate,0.0,employee,0,51.46071774,-0.93239636,2019-10-14 12:41:19.872
124,80:58:f8:48:1a:71,31,Timothy Richardson,Sales Associate,0.0,employee,0,51.46090135021295,-0.9322087421135836,2019-10-14 12:41:04.935
125,80:58:f8:48:1a:71,31,Timothy Richardson,Sales Associate,0.0,employee,0,51.46090135021295,-0.9322087421135836,2019-10-14 12:40:54.114
126,80:58:f8:48:1a:71,31,Timothy Richardson,Sales Associate,0.0,employee,0,51.46094269,-0.9321665,2019-10-14 12:40:46.698
127,80:58:f8:48:1a:71,31,Timothy Richardson,Sales Associate,0.0,employee,0,51.46094269,-0.9321665,2019-10-14 12:40:29.860
128,80:58:f8:48:1a:71,31,Timothy Richardson,Sales Associate,0.0,employee,0,51.46094269,-0.9321665,2019-10-14 12:40:14.038
129,80:58:f8:48:1a:71,31,Timothy Richardson,Sales Associate,0.0,employee,0,51.46090135021295,-0.9322087421135836,2019-10-14 12:39:41.655
130,80:58:f8:48:1a:71,31,Timothy Richardson,Sales Associate,0.0,employee,0,51.46094269,-0.9321665,2019-10-14 12:39:14.595
131,80:58:f8:48:1a:71,31,Timothy Richardson,Sales Associate,0.0,employee,0,51.46094269,-0.9321665,2019-10-14 12:39:01.156
132,80:58:f8:48:1a:71,31,Timothy Richardson,Sales Associate,0.0,employee,0,51.46094269,-0.9321665,2019-10-14 12:38:56.647
133,80:58:f8:48:1a:71,31,Timothy Richardson,Sales Associate,0.0,employee,0,51.46071774,-0.93239636,2019-10-14 12:38:20.667
134,80:58:f8:48:1a:71,31,Timothy Richardson,Sales Associate,0.0,employee,0,51.46071774,-0.93239636,2019-10-14 12:38:13.155
135,80:58:f8:48:1a:71,31,Timothy Richardson,Sales Associate,0.0,employee,0,51.46071774,-0.93239636,2019-10-14 12:37:40.378
136,80:58:f8:85:b6:68,50,Tammy Hill,Customer Service Manager,2.0,employee,0,51.46071774,-0.93239636,2019-10-18 09:27:52.712
137,80:58:f8:85:b6:68,50,Tammy Hill,Customer Service Manager,2.0,employee,0,51.46094269,-0.9321665,2019-10-18 09:27:25.630
138,80:58:f8:85:b6:68,50,Tammy Hill,Customer Service Manager,2.0,employee,0,51.46094269,-0.9321665,2019-10-18 09:25:49.351
139,80:58:f8:85:b6:68,50,Tammy Hill,Customer Service Manager,2.0,employee,0,51.46071774,-0.93239636,2019-10-18 09:25:33.805
140,80:58:f8:85:b6:68,50,Tammy Hill,Customer Service Manager,2.0,employee,0,51.46071774,-0.93239636,2019-10-18 09:23:26.033
141,80:58:f8:85:b6:68,50,Tammy Hill,Customer Service Manager,2.0,employee,0,51.46094269,-0.9321665,2019-10-18 09:22:57.353
142,80:58:f8:85:b6:68,50,Tammy Hill,Customer Service Manager,2.0,employee,0,51.46071774,-0.93239636,2019-10-18 09:20:08.274
143,80:58:f8:85:b6:68,50,Tammy Hill,Customer Service Manager,2.0,employee,0,51.46071774,-0.93239636,2019-10-18 09:19:50.725
144,80:58:f8:85:b6:68,50,Tammy Hill,Customer Service Manager,2.0,employee,0,51.46091248640124,-0.9321973628548916,2019-10-18 09:19:40.290
145,80:58:f8:85:b6:68,50,Tammy Hill,Customer Service Manager,2.0,employee,0,51.46094269,-0.9321665,2019-10-18 09:19:23.138
146,80:58:f8:85:b6:68,50,Tammy Hill,Customer Service Manager,2.0,employee,0,51.46094269,-0.9321665,2019-10-18 09:17:57.096
147,80:58:f8:85:b6:68,50,Tammy Hill,Customer Service Manager,2.0,employee,0,51.46071774,-0.93239636,2019-10-18 09:17:26.810
148,80:58:f8:85:b6:68,50,Tammy Hill,Customer Service Manager,2.0,employee,0,51.46071774,-0.93239636,2019-10-18 09:17:10.156
149,80:58:f8:85:b6:68,50,Tammy Hill,Customer Service Manager,2.0,employee,0,51.46094269,-0.9321665,2019-10-18 09:16:36.573
150,80:58:f8:85:b6:68,50,Tammy Hill,Customer Service Manager,2.0,employee,0,51.46091248640124,-0.9321973628548916,2019-10-18 09:15:17.244
151,80:58:f8:85:b6:68,50,Tammy Hill,Customer Service Manager,2.0,employee,0,51.46094269,-0.9321665,2019-10-18 09:15:04.104
152,80:58:f8:85:b6:68,50,Tammy Hill,Customer Service Manager,2.0,employee,0,51.46094269,-0.9321665,2019-10-18 09:14:49.861
153,80:58:f8:85:b6:68,50,Tammy Hill,Customer Service Manager,2.0,employee,0,51.46091248640124,-0.9321973628548916,2019-10-18 09:14:34.013
154,80:58:f8:85:b6:68,50,Tammy Hill,Customer Service Manager,2.0,employee,0,51.46071774,-0.93239636,2019-10-18 09:14:25.591
155,80:58:f8:85:b6:68,50,Tammy Hill,Customer Service Manager,2.0,employee,0,51.46094269,-0.9321665,2019-10-18 09:14:16.763
156,80:58:f8:85:b6:68,50,Tammy Hill,Customer Service Manager,2.0,employee,0,51.46094269,-0.9321665,2019-10-18 09:14:04.344
157,80:58:f8:85:b6:68,50,Tammy Hill,Customer Service Manager,2.0,employee,0,51.46094269,-0.9321665,2019-10-18 09:13:40.260
158,80:58:f8:85:b6:68,50,Tammy Hill,Customer Service Manager,2.0,employee,0,51.46091248640124,-0.9321973628548916,2019-10-18 09:13:35.561
159,80:58:f8:85:b6:68,50,Tammy Hill,Customer Service Manager,2.0,employee,0,51.46071774,-0.93239636,2019-10-18 09:13:24.521
160,80:58:f8:85:b6:68,50,Tammy Hill,Customer Service Manager,2.0,employee,0,51.46071774,-0.93239636,2019-10-18 09:13:06.167
161,80:58:f8:85:b6:68,50,Tammy Hill,Customer Service Manager,2.0,employee,0,51.46094269,-0.9321665,2019-10-18 09:12:41.902
162,80:58:f8:85:b6:68,50,Tammy Hill,Customer Service Manager,2.0,employee,0,51.46071774,-0.93239636,2019-10-18 09:12:36.999
163,80:58:f8:85:b6:68,50,Tammy Hill,Customer Service Manager,2.0,employee,0,51.46091248640124,-0.9321973628548916,2019-10-18 09:12:21.647
164,80:58:f8:85:b6:68,50,Tammy Hill,Customer Service Manager,2.0,employee,0,51.46094269,-0.9321665,2019-10-18 09:12:11.717
165,80:58:f8:85:b6:68,50,Tammy Hill,Customer Service Manager,2.0,employee,0,51.46071774,-0.93239636,2019-10-18 09:11:55.473
166,80:58:f8:85:b6:68,50,Tammy Hill,Customer Service Manager,2.0,employee,0,51.46091248640124,-0.9321973628548916,2019-10-18 09:11:32.314
167,80:58:f8:85:b6:68,50,Tammy Hill,Customer Service Manager,2.0,employee,0,51.46094269,-0.9321665,2019-10-18 09:11:29.603
168,80:58:f8:85:b6:68,50,Tammy Hill,Customer Service Manager,2.0,employee,0,51.46071774,-0.93239636,2019-10-18 09:11:08.037
169,80:58:f8:85:b6:68,50,Tammy Hill,Customer Service Manager,2.0,employee,0,51.46071774,-0.93239636,2019-10-18 09:10:43.370
170,80:58:f8:85:b6:68,50,Tammy Hill,Customer Service Manager,2.0,employee,0,51.46071774,-0.93239636,2019-10-18 09:10:35.250
171,80:58:f8:85:b6:68,50,Tammy Hill,Customer Service Manager,2.0,employee,0,51.46094269,-0.9321665,2019-10-18 09:09:05.593
172,80:58:f8:85:b6:68,50,Tammy Hill,Customer Service Manager,2.0,employee,0,51.46091248640124,-0.9321973628548916,2019-10-18 09:08:06.427
173,80:58:f8:85:b6:68,50,Tammy Hill,Customer Service Manager,2.0,employee,0,51.46078621,-0.93222453,2019-10-21 13:53:44.688
174,80:58:f8:85:b6:68,50,Tammy Hill,Customer Service Manager,2.0,employee,0,51.46078621,-0.93222453,2019-10-21 13:53:39.275
175,80:58:f8:85:b6:68,50,Tammy Hill,Customer Service Manager,2.0,employee,0,51.46078621,-0.93222453,2019-10-21 13:53:29.439
176,80:58:f8:85:b6:68,50,Tammy Hill,Customer Service Manager,2.0,employee,0,51.46078621,-0.93222453,2019-10-21 13:53:19.501
177,80:58:f8:85:b6:68,50,Tammy Hill,Customer Service Manager,2.0,employee,0,51.46078621,-0.93222453,2019-10-21 13:53:08.868
178,80:58:f8:85:b6:68,50,Tammy Hill,Customer Service Manager,2.0,employee,0,51.46078621,-0.93222453,2019-10-21 13:52:58.830
179,80:58:f8:85:b6:68,50,Tammy Hill,Customer Service Manager,2.0,employee,0,51.46078621,-0.93222453,2019-10-21 13:52:48.796
180,80:58:f8:85:b6:68,50,Tammy Hill,Customer Service Manager,2.0,employee,0,51.46078621,-0.93222453,2019-10-21 13:52:38.765
181,80:58:f8:85:b6:68,50,Tammy Hill,Customer Service Manager,2.0,employee,0,51.46078621,-0.93222453,2019-10-21 13:52:28.830
182,80:58:f8:85:b6:68,50,Tammy Hill,Customer Service Manager,2.0,employee,0,51.46078621,-0.93222453,2019-10-21 13:52:18.698
183,80:58:f8:85:b6:68,50,Tammy Hill,Customer Service Manager,2.0,employee,0,51.46078621,-0.93222453,2019-10-21 13:52:08.163
184,80:58:f8:85:b6:68,50,Tammy Hill,Customer Service Manager,2.0,employee,0,51.46078621,-0.93222453,2019-10-21 13:51:58.135
185,80:58:f8:85:b6:68,50,Tammy Hill,Customer Service Manager,2.0,employee,0,51.46078621,-0.93222453,2019-10-21 13:51:48.097
186,80:58:f8:25:67:3d,147,Krystal Garcia,Project Manager,0.0,employee,0,51.46071774,-0.93239636,2019-10-18 12:23:08.518
187,80:58:f8:25:67:3d,147,Krystal Garcia,Project Manager,0.0,employee,0,51.46094269,-0.9321665,2019-10-18 12:22:05.445
188,80:58:f8:25:67:3d,147,Krystal Garcia,Project Manager,0.0,employee,0,51.46071774,-0.93239636,2019-10-18 12:17:55.054
189,80:58:f8:25:67:3d,147,Krystal Garcia,Project Manager,0.0,employee,0,51.46071774,-0.93239636,2019-10-18 12:17:02.023
190,80:58:f8:25:67:3d,147,Krystal Garcia,Project Manager,0.0,employee,0,51.46094269,-0.9321665,2019-10-18 12:16:24.706
191,80:58:f8:25:67:3d,147,Krystal Garcia,Project Manager,0.0,employee,0,51.46094269,-0.9321665,2019-10-18 12:15:47.805
192,80:58:f8:25:67:3d,147,Krystal Garcia,Project Manager,0.0,employee,0,51.46071774,-0.93239636,2019-10-18 12:14:38.717
193,80:58:f8:25:67:3d,147,Krystal Garcia,Project Manager,0.0,employee,0,51.46094269,-0.9321665,2019-10-18 12:13:41.850
194,80:58:f8:25:67:3d,147,Krystal Garcia,Project Manager,0.0,employee,0,51.46071774,-0.93239636,2019-10-18 12:13:39.144
195,80:58:f8:25:67:3d,147,Krystal Garcia,Project Manager,0.0,employee,0,51.46094269,-0.9321665,2019-10-18 12:12:56.732
196,80:58:f8:25:67:3d,147,Krystal Garcia,Project Manager,0.0,employee,0,51.46071774,-0.93239636,2019-10-18 12:12:36.986
197,80:58:f8:25:67:3d,147,Krystal Garcia,Project Manager,0.0,employee,0,51.46071774,-0.93239636,2019-10-18 12:12:21.772
198,80:58:f8:25:67:3d,147,Krystal Garcia,Project Manager,0.0,employee,0,51.46094269,-0.9321665,2019-10-18 12:12:11.316
199,80:58:f8:25:67:3d,147,Krystal Garcia,Project Manager,0.0,employee,0,51.46094269,-0.9321665,2019-10-18 12:11:37.824
200,80:58:f8:25:67:3d,147,Krystal Garcia,Project Manager,0.0,employee,0,51.46071774,-0.93239636,2019-10-18 12:11:13.863
201,80:58:f8:25:67:3d,147,Krystal Garcia,Project Manager,0.0,employee,0,51.46086821559072,-0.9322392915795432,2019-10-18 12:10:50.698
202,80:58:f8:25:67:3d,147,Krystal Garcia,Project Manager,0.0,employee,0,51.46086821559072,-0.9322392915795432,2019-10-18 12:09:52.043
203,80:58:f8:25:67:3d,147,Krystal Garcia,Project Manager,0.0,employee,0,51.46071774,-0.93239636,2019-10-18 12:09:47.731
204,80:58:f8:25:67:3d,147,Krystal Garcia,Project Manager,0.0,employee,0,51.46071774,-0.93239636,2019-10-18 12:09:31.284
205,80:58:f8:25:67:3d,147,Krystal Garcia,Project Manager,0.0,employee,0,51.46092960181454,-0.9321752158236855,2019-10-18 12:09:28.578
206,80:58:f8:25:67:3d,147,Krystal Garcia,Project Manager,0.0,employee,0,51.46070134282135,-0.9324023936784124,2019-10-18 12:09:18.451
207,80:58:f8:25:67:3d,147,Krystal Garcia,Project Manager,0.0,employee,0,51.46094269,-0.9321665,2019-10-18 12:09:01.500
208,80:58:f8:25:67:3d,147,Krystal Garcia,Project Manager,0.0,employee,0,51.46070134282135,-0.9324023936784124,2019-10-18 12:08:50.675
209,80:58:f8:25:67:3d,147,Krystal Garcia,Project Manager,0.0,employee,0,51.46087626056104,-0.932234379399151,2019-10-18 12:08:45.651
210,80:58:f8:25:67:3d,147,Krystal Garcia,Project Manager,0.0,employee,0,51.46092960181454,-0.9321752158236855,2019-10-18 12:08:35.325
211,80:58:f8:25:67:3d,147,Krystal Garcia,Project Manager,0.0,employee,0,51.46087626056104,-0.932234379399151,2019-10-18 12:08:29.106
212,80:58:f8:25:67:3d,147,Krystal Garcia,Project Manager,0.0,employee,0,51.46094269,-0.9321665,2019-10-18 12:08:18.477
213,80:58:f8:25:67:3d,147,Krystal Garcia,Project Manager,0.0,employee,0,51.46086821559072,-0.9322392915795432,2019-10-18 12:07:57.515
214,80:58:f8:25:67:3d,147,Krystal Garcia,Project Manager,0.0,employee,0,51.46070134282135,-0.9324023936784124,2019-10-18 12:07:47.494
215,80:58:f8:25:67:3d,147,Krystal Garcia,Project Manager,0.0,employee,0,51.46094269,-0.9321665,2019-10-18 12:07:23.130
216,80:58:f8:25:67:3d,147,Krystal Garcia,Project Manager,0.0,employee,0,51.46070134282135,-0.9324023936784124,2019-10-18 12:07:05.578
217,80:58:f8:25:67:3d,147,Krystal Garcia,Project Manager,0.0,employee,0,51.46094269,-0.9321665,2019-10-18 12:06:54.546
218,80:58:f8:25:67:3d,147,Krystal Garcia,Project Manager,0.0,employee,0,51.46071774,-0.93239636,2019-10-18 12:06:39.505
219,80:58:f8:25:67:3d,147,Krystal Garcia,Project Manager,0.0,employee,0,51.46071774,-0.93239636,2019-10-18 12:06:26.467
220,80:58:f8:25:67:3d,147,Krystal Garcia,Project Manager,0.0,employee,0,51.46094269,-0.9321665,2019-10-18 12:06:02.908
221,80:58:f8:25:67:3d,147,Krystal Garcia,Project Manager,0.0,employee,0,51.46070134282135,-0.9324023936784124,2019-10-18 12:05:47.357
222,80:58:f8:25:67:3d,147,Krystal Garcia,Project Manager,0.0,employee,0,51.46092960181454,-0.9321752158236855,2019-10-18 12:05:38.028
223,80:58:f8:25:67:3d,147,Krystal Garcia,Project Manager,0.0,employee,0,51.46071774,-0.93239636,2019-10-18 12:04:54.011
224,80:58:f8:25:67:3d,147,Krystal Garcia,Project Manager,0.0,employee,0,51.46094269,-0.9321665,2019-10-18 12:04:35.357
225,80:58:f8:25:67:3d,147,Krystal Garcia,Project Manager,0.0,employee,0,51.46093752,-0.93238226,2019-08-21 11:53:34.749
226,80:58:f8:25:67:3d,147,Krystal Garcia,Project Manager,0.0,employee,0,51.46093752,-0.93238226,2019-08-21 11:53:29.734
227,80:58:f8:25:67:3d,147,Krystal Garcia,Project Manager,0.0,employee,0,51.46093752,-0.93238226,2019-08-21 11:53:19.707
228,80:58:f8:25:67:3d,147,Krystal Garcia,Project Manager,0.0,employee,0,51.46093752,-0.93238226,2019-08-21 11:53:09.679
229,80:58:f8:25:67:3d,147,Krystal Garcia,Project Manager,0.0,employee,0,51.46093752,-0.93238226,2019-08-21 11:52:59.049
230,80:58:f8:25:67:3d,147,Krystal Garcia,Project Manager,0.0,employee,0,51.46093752,-0.93238226,2019-08-21 11:52:49.025
231,80:58:f8:25:67:3d,147,Krystal Garcia,Project Manager,0.0,employee,0,51.46093752,-0.93238226,2019-08-21 11:52:38.998
232,80:58:f8:25:67:3d,147,Krystal Garcia,Project Manager,0.0,employee,0,51.46093752,-0.93238226,2019-08-21 11:52:28.967
233,80:58:f8:25:67:3d,147,Krystal Garcia,Project Manager,0.0,employee,0,51.46093752,-0.93238226,2019-08-21 11:52:18.938
234,80:58:f8:25:67:3d,147,Krystal Garcia,Project Manager,0.0,employee,0,51.46093752,-0.93238226,2019-08-21 11:52:08.908
235,80:58:f8:25:67:3d,147,Krystal Garcia,Project Manager,0.0,employee,0,51.46093752,-0.93238226,2019-08-21 11:51:58.278
236,80:58:f8:25:67:3d,147,Krystal Garcia,Project Manager,0.0,employee,0,51.46093752,-0.93238226,2019-08-21 11:51:48.244
237,80:58:f8:25:67:3d,147,Krystal Garcia,Project Manager,0.0,employee,0,51.46093752,-0.93238226,2019-08-21 11:51:38.211
238,80:58:f8:25:67:3d,147,Krystal Garcia,Project Manager,0.0,employee,0,51.46059815,-0.93239386,2019-11-08 11:32:14.617
239,80:58:f8:25:67:3d,147,Krystal Garcia,Project Manager,0.0,employee,0,51.46059815,-0.93239386,2019-11-08 11:32:09.607
240,80:58:f8:25:67:3d,147,Krystal Garcia,Project Manager,0.0,employee,0,51.46059815,-0.93239386,2019-11-08 11:31:59.178
241,80:58:f8:25:67:3d,147,Krystal Garcia,Project Manager,0.0,employee,0,51.46059815,-0.93239386,2019-11-08 11:31:44.133
242,80:58:f8:25:67:3d,147,Krystal Garcia,Project Manager,0.0,employee,0,51.46059815,-0.93239386,2019-11-08 11:31:39.118
243,80:58:f8:25:67:3d,147,Krystal Garcia,Project Manager,0.0,employee,0,51.46059815,-0.93239386,2019-11-08 11:31:29.084
244,80:58:f8:25:67:3d,147,Krystal Garcia,Project Manager,0.0,employee,0,51.46059815,-0.93239386,2019-11-08 11:31:19.053
245,80:58:f8:25:67:3d,147,Krystal Garcia,Project Manager,0.0,employee,0,51.46059815,-0.93239386,2019-11-08 11:31:08.919
246,80:58:f8:25:67:3d,147,Krystal Garcia,Project Manager,0.0,employee,0,51.46059815,-0.93239386,2019-11-08 11:30:58.494
247,80:58:f8:25:67:3d,147,Krystal Garcia,Project Manager,0.0,employee,0,51.46059815,-0.93239386,2019-11-08 11:30:48.469
248,80:58:f8:25:67:3d,147,Krystal Garcia,Project Manager,0.0,employee,0,51.46059815,-0.93239386,2019-11-08 11:30:38.434
249,80:58:f8:25:67:3d,147,Krystal Garcia,Project Manager,0.0,employee,0,51.46059815,-0.93239386,2019-11-08 11:30:28.404
250,80:58:f8:25:67:3d,147,Krystal Garcia,Project Manager,0.0,employee,0,51.46059815,-0.93239386,2019-11-08 11:30:18.373
251,80:58:f8:25:67:3d,147,Krystal Garcia,Project Manager,0.0,employee,0,51.46071774,-0.93239636,2020-01-10 15:26:19.919
252,80:58:f8:25:67:3d,147,Krystal Garcia,Project Manager,0.0,employee,0,51.46071774,-0.93239636,2020-01-10 15:26:09.804
253,80:58:f8:25:67:3d,147,Krystal Garcia,Project Manager,0.0,employee,0,51.46071774,-0.93239636,2020-01-10 15:25:59.781
254,80:58:f8:25:67:3d,147,Krystal Garcia,Project Manager,0.0,employee,0,51.46071774,-0.93239636,2020-01-10 15:25:49.759
255,80:58:f8:25:67:3d,147,Krystal Garcia,Project Manager,0.0,employee,0,51.46071774,-0.93239636,2020-01-10 15:25:39.734
256,80:58:f8:25:67:3d,147,Krystal Garcia,Project Manager,0.0,employee,0,51.46071774,-0.93239636,2020-01-10 15:25:29.710
257,80:58:f8:25:67:3d,147,Krystal Garcia,Project Manager,0.0,employee,0,51.46071774,-0.93239636,2020-01-10 15:25:19.686
258,80:58:f8:25:67:3d,147,Krystal Garcia,Project Manager,0.0,employee,0,51.46071774,-0.93239636,2020-01-10 15:25:09.659
259,80:58:f8:25:67:3d,147,Krystal Garcia,Project Manager,0.0,employee,0,51.46071774,-0.93239636,2020-01-10 15:24:59.639
260,80:58:f8:25:67:3d,147,Krystal Garcia,Project Manager,0.0,employee,0,51.46071774,-0.93239636,2020-01-10 15:24:49.612
261,80:58:f8:25:67:3d,147,Krystal Garcia,Project Manager,0.0,employee,0,51.46071774,-0.93239636,2020-01-10 15:24:39.589
262,80:58:f8:25:67:3d,147,Krystal Garcia,Project Manager,0.0,employee,0,51.46071774,-0.93239636,2020-01-10 15:24:29.565
263,80:58:f8:25:67:3d,147,Krystal Garcia,Project Manager,0.0,employee,0,51.46071774,-0.93239636,2020-01-10 15:24:19.539
264,80:58:f8:25:67:3d,147,Krystal Garcia,Project Manager,0.0,employee,0,51.46094269,-0.9321665,2020-01-20 10:55:10.333
265,80:58:f8:25:67:3d,147,Krystal Garcia,Project Manager,0.0,employee,0,51.46093936728288,-0.932173941121561,2020-01-20 10:55:05.323
266,80:58:f8:25:67:3d,147,Krystal Garcia,Project Manager,0.0,employee,0,51.46093936728288,-0.932173941121561,2020-01-20 10:54:55.183
267,80:58:f8:25:67:3d,147,Krystal Garcia,Project Manager,0.0,employee,0,51.46093936728288,-0.932173941121561,2020-01-20 10:54:45.059
268,80:58:f8:25:67:3d,147,Krystal Garcia,Project Manager,0.0,employee,0,51.46093936728288,-0.932173941121561,2020-01-20 10:54:39.954
269,80:58:f8:25:67:3d,147,Krystal Garcia,Project Manager,0.0,employee,0,51.46093936728288,-0.932173941121561,2020-01-20 10:54:29.727
270,80:58:f8:25:67:3d,147,Krystal Garcia,Project Manager,0.0,employee,0,51.46093936728288,-0.932173941121561,2020-01-20 10:54:19.605
271,80:58:f8:25:67:3d,147,Krystal Garcia,Project Manager,0.0,employee,0,51.46093936728288,-0.932173941121561,2020-01-20 10:54:09.486
272,80:58:f8:25:67:3d,147,Krystal Garcia,Project Manager,0.0,employee,0,51.46093936728288,-0.932173941121561,2020-01-20 10:53:59.358
273,80:58:f8:25:67:3d,147,Krystal Garcia,Project Manager,0.0,employee,0,51.46093936728288,-0.932173941121561,2020-01-20 10:53:49.225
274,80:58:f8:25:67:3d,147,Krystal Garcia,Project Manager,0.0,employee,0,51.46093936728288,-0.932173941121561,2020-01-20 10:53:39.100
275,80:58:f8:25:67:3d,147,Krystal Garcia,Project Manager,0.0,employee,0,51.46093936728288,-0.932173941121561,2020-01-20 10:53:28.971
276,80:58:f8:25:67:3d,147,Krystal Garcia,Project Manager,0.0,employee,0,51.46093936728288,-0.932173941121561,2020-01-20 10:53:18.756
277,80:58:f8:25:67:3d,147,Krystal Garcia,Project Manager,0.0,employee,0,51.46094269,-0.9321665,2019-10-21 10:12:25.007
278,80:58:f8:25:67:3d,147,Krystal Garcia,Project Manager,0.0,employee,0,51.46094269,-0.9321665,2019-10-21 10:11:46.779
279,80:58:f8:25:67:3d,147,Krystal Garcia,Project Manager,0.0,employee,0,51.46071774,-0.93239636,2019-10-21 10:11:30.534
280,80:58:f8:25:67:3d,147,Krystal Garcia,Project Manager,0.0,employee,0,51.46071774,-0.93239636,2019-10-21 10:11:20.202
281,80:58:f8:25:67:3d,147,Krystal Garcia,Project Manager,0.0,employee,0,51.46071774,-0.93239636,2019-10-21 10:11:16.392
282,80:58:f8:25:67:3d,147,Krystal Garcia,Project Manager,0.0,employee,0,51.46071774,-0.93239636,2019-10-21 10:10:56.030
283,80:58:f8:25:67:3d,147,Krystal Garcia,Project Manager,0.0,employee,0,51.46094269,-0.9321665,2019-10-21 10:10:36.369
284,80:58:f8:25:67:3d,147,Krystal Garcia,Project Manager,0.0,employee,0,51.46094269,-0.9321665,2019-10-21 10:10:23.329
285,80:58:f8:25:67:3d,147,Krystal Garcia,Project Manager,0.0,employee,0,51.46094269,-0.9321665,2019-10-21 10:10:09.384
286,80:58:f8:25:67:3d,147,Krystal Garcia,Project Manager,0.0,employee,0,51.46071774,-0.93239636,2019-10-21 10:09:43.505
287,80:58:f8:25:67:3d,147,Krystal Garcia,Project Manager,0.0,employee,0,51.460699322207496,-0.9324031372047497,2019-10-21 10:09:38.392
288,80:58:f8:25:67:3d,147,Krystal Garcia,Project Manager,0.0,employee,0,51.46094269,-0.9321665,2019-10-21 10:09:06.488
289,80:58:f8:25:67:3d,147,Krystal Garcia,Project Manager,0.0,employee,0,51.46071774,-0.93239636,2019-10-21 10:08:38.908
290,80:58:f8:25:67:3d,147,Krystal Garcia,Project Manager,0.0,employee,0,51.46093464418888,-0.932171857952131,2019-10-21 10:08:22.855
291,80:58:f8:25:67:3d,147,Krystal Garcia,Project Manager,0.0,employee,0,51.46071774,-0.93239636,2019-10-21 10:08:07.907
292,80:58:f8:25:67:3d,147,Krystal Garcia,Project Manager,0.0,employee,0,51.46071774,-0.93239636,2019-10-21 10:07:57.274
293,80:58:f8:25:67:3d,147,Krystal Garcia,Project Manager,0.0,employee,0,51.46071774,-0.93239636,2019-10-21 10:07:31.401
294,80:58:f8:25:67:3d,147,Krystal Garcia,Project Manager,0.0,employee,0,51.46094269,-0.9321665,2019-10-21 10:07:29.997
295,80:58:f8:25:67:3d,147,Krystal Garcia,Project Manager,0.0,employee,0,51.46094269,-0.9321665,2019-10-21 10:07:06.725
296,80:58:f8:25:67:3d,147,Krystal Garcia,Project Manager,0.0,employee,0,51.46094269,-0.9321665,2019-10-21 10:06:53.784
297,80:58:f8:25:67:3d,147,Krystal Garcia,Project Manager,0.0,employee,0,51.46094269,-0.9321665,2019-10-21 10:06:47.365
298,80:58:f8:25:67:3d,147,Krystal Garcia,Project Manager,0.0,employee,0,51.46071774,-0.93239636,2019-10-21 10:06:34.923
299,80:58:f8:25:67:3d,147,Krystal Garcia,Project Manager,0.0,employee,0,51.460699322207496,-0.9324031372047497,2019-10-21 10:06:27.205
300,80:58:f8:25:67:3d,147,Krystal Garcia,Project Manager,0.0,employee,0,51.46071774,-0.93239636,2019-10-21 10:06:14.766
301,80:58:f8:25:67:3d,147,Krystal Garcia,Project Manager,0.0,employee,0,51.46093464418888,-0.932171857952131,2019-10-21 10:05:57.515
302,80:58:f8:25:67:3d,147,Krystal Garcia,Project Manager,0.0,employee,0,51.46090135021294,-0.9322087421135836,2019-10-21 10:05:32.641
303,80:58:f8:25:67:3d,147,Krystal Garcia,Project Manager,0.0,employee,0,51.46071774,-0.93239636,2019-10-21 10:05:27.524
304,80:58:f8:25:67:3d,147,Krystal Garcia,Project Manager,0.0,employee,0,51.46094269,-0.9321665,2019-10-21 10:05:04.756
305,80:58:f8:25:67:3d,147,Krystal Garcia,Project Manager,0.0,employee,0,51.46071774,-0.93239636,2019-10-21 10:04:46.700
306,80:58:f8:25:67:3d,147,Krystal Garcia,Project Manager,0.0,employee,0,51.46094269,-0.9321665,2019-10-21 10:02:44.736
307,80:58:f8:25:67:3d,147,Krystal Garcia,Project Manager,0.0,employee,0,51.4604569581835,-0.9328513381954496,2020-02-13 13:36:35.523
308,80:58:f8:25:67:3d,147,Krystal Garcia,Project Manager,0.0,employee,0,51.4604569581835,-0.9328513381954496,2020-02-13 13:36:24.305
309,80:58:f8:25:67:3d,147,Krystal Garcia,Project Manager,0.0,employee,0,51.4604569581835,-0.9328513381954496,2020-02-13 13:36:17.774
310,80:58:f8:25:67:3d,147,Krystal Garcia,Project Manager,0.0,employee,0,51.4604569581835,-0.9328513381954496,2020-02-13 13:36:07.038
311,80:58:f8:25:67:3d,147,Krystal Garcia,Project Manager,0.0,employee,0,51.4604569581835,-0.9328513381954496,2020-02-13 13:35:58.018
312,80:58:f8:25:67:3d,147,Krystal Garcia,Project Manager,0.0,employee,0,51.4604569581835,-0.9328513381954496,2020-02-13 13:35:47.939
313,80:58:f8:25:67:3d,147,Krystal Garcia,Project Manager,0.0,employee,0,51.4604569581835,-0.9328513381954496,2020-02-13 13:35:38.630
314,80:58:f8:25:67:3d,147,Krystal Garcia,Project Manager,0.0,employee,0,51.4604569581835,-0.9328513381954496,2020-02-13 13:35:29.281
315,80:58:f8:25:67:3d,147,Krystal Garcia,Project Manager,0.0,employee,0,51.4604569581835,-0.9328513381954496,2020-02-13 13:35:14.484
316,80:58:f8:25:67:3d,147,Krystal Garcia,Project Manager,0.0,employee,0,51.4604569581835,-0.9328513381954496,2020-02-13 13:35:02.266
317,80:58:f8:25:67:3d,147,Krystal Garcia,Project Manager,0.0,employee,0,51.4604569581835,-0.9328513381954496,2020-02-13 13:34:59.686
318,80:58:f8:25:67:3d,147,Krystal Garcia,Project Manager,0.0,employee,0,51.4604569581835,-0.9328513381954496,2020-02-13 13:34:49.929
319,80:58:f8:25:67:3d,147,Krystal Garcia,Project Manager,0.0,employee,0,51.4604569581835,-0.9328513381954496,2020-02-13 13:34:37.683
320,80:58:f8:25:67:3d,147,Krystal Garcia,Project Manager,0.0,employee,0,51.46076832974472,-0.93223672946405,2019-10-31 14:59:52.267
321,80:58:f8:25:67:3d,147,Krystal Garcia,Project Manager,0.0,employee,0,51.46076832974472,-0.93223672946405,2019-10-31 14:59:47.214
322,80:58:f8:25:67:3d,147,Krystal Garcia,Project Manager,0.0,employee,0,51.46076832974472,-0.93223672946405,2019-10-31 14:59:36.787
323,80:58:f8:25:67:3d,147,Krystal Garcia,Project Manager,0.0,employee,0,51.46076832974472,-0.93223672946405,2019-10-31 14:59:26.764
324,80:58:f8:25:67:3d,147,Krystal Garcia,Project Manager,0.0,employee,0,51.46076832974472,-0.93223672946405,2019-10-31 14:59:16.623
325,80:58:f8:25:67:3d,147,Krystal Garcia,Project Manager,0.0,employee,0,51.46076832974472,-0.93223672946405,2019-10-31 14:59:06.594
326,80:58:f8:25:67:3d,147,Krystal Garcia,Project Manager,0.0,employee,0,51.46076832974472,-0.93223672946405,2019-10-31 14:58:56.469
327,80:58:f8:25:67:3d,147,Krystal Garcia,Project Manager,0.0,employee,0,51.46076832974472,-0.93223672946405,2019-10-31 14:58:46.441
328,80:58:f8:25:67:3d,147,Krystal Garcia,Project Manager,0.0,employee,0,51.46076832974472,-0.93223672946405,2019-10-31 14:58:36.097
329,80:58:f8:25:67:3d,147,Krystal Garcia,Project Manager,0.0,employee,0,51.46076832974472,-0.93223672946405,2019-10-31 14:58:26.069
330,80:58:f8:25:67:3d,147,Krystal Garcia,Project Manager,0.0,employee,0,51.46076832974472,-0.93223672946405,2019-10-31 14:58:15.835
331,80:58:f8:25:67:3d,147,Krystal Garcia,Project Manager,0.0,employee,0,51.46076832974472,-0.93223672946405,2019-10-31 14:58:05.808
332,80:58:f8:25:67:3d,147,Krystal Garcia,Project Manager,0.0,employee,0,51.46076832974472,-0.93223672946405,2019-10-31 14:57:55.780
333,80:58:f8:02:ac:4b,54,Nicholas Gross DDS,Corporate Trainer,0.0,employee,0,51.46094269,-0.9321665,2019-10-18 09:49:24.837
334,80:58:f8:02:ac:4b,54,Nicholas Gross DDS,Corporate Trainer,0.0,employee,0,51.46071774,-0.93239636,2019-10-18 09:48:36.096
335,80:58:f8:02:ac:4b,54,Nicholas Gross DDS,Corporate Trainer,0.0,employee,0,51.46094269,-0.9321665,2019-10-18 09:47:43.643
336,80:58:f8:02:ac:4b,54,Nicholas Gross DDS,Corporate Trainer,0.0,employee,0,51.46088727638634,-0.9322231231306386,2019-10-18 09:46:56.707
337,80:58:f8:02:ac:4b,54,Nicholas Gross DDS,Corporate Trainer,0.0,employee,0,51.46094269,-0.9321665,2019-10-18 09:46:49.391
338,80:58:f8:02:ac:4b,54,Nicholas Gross DDS,Corporate Trainer,0.0,employee,0,51.46088727638634,-0.9322231231306386,2019-10-18 09:46:38.485
339,80:58:f8:02:ac:4b,54,Nicholas Gross DDS,Corporate Trainer,0.0,employee,0,51.46094269,-0.9321665,2019-10-18 09:46:27.228
340,80:58:f8:02:ac:4b,54,Nicholas Gross DDS,Corporate Trainer,0.0,employee,0,51.46094269,-0.9321665,2019-10-18 09:46:14.993
341,80:58:f8:02:ac:4b,54,Nicholas Gross DDS,Corporate Trainer,0.0,employee,0,51.46071774,-0.93239636,2019-10-18 09:45:57.945
342,80:58:f8:02:ac:4b,54,Nicholas Gross DDS,Corporate Trainer,0.0,employee,0,51.46094269,-0.9321665,2019-10-18 09:45:49.521
343,80:58:f8:02:ac:4b,54,Nicholas Gross DDS,Corporate Trainer,0.0,employee,0,51.46071774,-0.93239636,2019-10-18 09:45:36.883
344,80:58:f8:02:ac:4b,54,Nicholas Gross DDS,Corporate Trainer,0.0,employee,0,51.46094269,-0.9321665,2019-10-18 09:45:25.749
345,80:58:f8:02:ac:4b,54,Nicholas Gross DDS,Corporate Trainer,0.0,employee,0,51.46088727638634,-0.9322231231306386,2019-10-18 09:45:15.021
346,80:58:f8:02:ac:4b,54,Nicholas Gross DDS,Corporate Trainer,0.0,employee,0,51.46088727638634,-0.9322231231306386,2019-10-18 09:45:06.692
347,80:58:f8:02:ac:4b,54,Nicholas Gross DDS,Corporate Trainer,0.0,employee,0,51.46088727638634,-0.9322231231306386,2019-10-18 09:44:42.025
348,80:58:f8:02:ac:4b,54,Nicholas Gross DDS,Corporate Trainer,0.0,employee,0,51.46071774,-0.93239636,2019-10-18 09:44:33.806
349,80:58:f8:02:ac:4b,54,Nicholas Gross DDS,Corporate Trainer,0.0,employee,0,51.46071774,-0.93239636,2019-10-18 09:44:24.277
350,80:58:f8:02:ac:4b,54,Nicholas Gross DDS,Corporate Trainer,0.0,employee,0,51.46094269,-0.9321665,2019-10-18 09:43:59.003
351,80:58:f8:02:ac:4b,54,Nicholas Gross DDS,Corporate Trainer,0.0,employee,0,51.46094269,-0.9321665,2019-10-18 09:43:36.042
352,80:58:f8:02:ac:4b,54,Nicholas Gross DDS,Corporate Trainer,0.0,employee,0,51.46094269,-0.9321665,2019-10-18 09:43:26.917
353,80:58:f8:02:ac:4b,54,Nicholas Gross DDS,Corporate Trainer,0.0,employee,0,51.46071774,-0.93239636,2019-10-18 09:42:58.031
354,80:58:f8:02:ac:4b,54,Nicholas Gross DDS,Corporate Trainer,0.0,employee,0,51.46088727638634,-0.9322231231306386,2019-10-18 09:42:47.501
355,80:58:f8:02:ac:4b,54,Nicholas Gross DDS,Corporate Trainer,0.0,employee,0,51.46094269,-0.9321665,2019-10-18 09:41:51.453
356,80:58:f8:02:ac:4b,54,Nicholas Gross DDS,Corporate Trainer,0.0,employee,0,51.46071774,-0.93239636,2019-10-18 09:41:43.327
357,80:58:f8:02:ac:4b,54,Nicholas Gross DDS,Corporate Trainer,0.0,employee,0,51.46094269,-0.9321665,2019-10-18 09:40:54.891
358,80:58:f8:02:ac:4b,54,Nicholas Gross DDS,Corporate Trainer,0.0,employee,0,51.46094269,-0.9321665,2019-10-18 09:40:39.153
359,80:58:f8:02:ac:4b,54,Nicholas Gross DDS,Corporate Trainer,0.0,employee,0,51.46071774,-0.93239636,2019-10-18 09:40:20.693
360,80:58:f8:02:ac:4b,54,Nicholas Gross DDS,Corporate Trainer,0.0,employee,0,51.46071774,-0.93239636,2019-10-18 09:39:11.402
361,80:58:f8:02:ac:4b,54,Nicholas Gross DDS,Corporate Trainer,0.0,employee,0,51.46094269,-0.9321665,2019-10-18 09:36:40.484
362,80:58:f8:02:ac:4b,54,Nicholas Gross DDS,Corporate Trainer,0.0,employee,0,51.46093752,-0.93238226,2019-10-03 09:49:19.160
363,80:58:f8:02:ac:4b,54,Nicholas Gross DDS,Corporate Trainer,0.0,employee,0,51.46093752,-0.93238226,2019-10-03 09:49:08.731
364,80:58:f8:02:ac:4b,54,Nicholas Gross DDS,Corporate Trainer,0.0,employee,0,51.46093752,-0.93238226,2019-10-03 09:48:58.605
365,80:58:f8:02:ac:4b,54,Nicholas Gross DDS,Corporate Trainer,0.0,employee,0,51.46093752,-0.93238226,2019-10-03 09:48:48.578
366,80:58:f8:02:ac:4b,54,Nicholas Gross DDS,Corporate Trainer,0.0,employee,0,51.46093752,-0.93238226,2019-10-03 09:48:38.547
367,80:58:f8:02:ac:4b,54,Nicholas Gross DDS,Corporate Trainer,0.0,employee,0,51.46093752,-0.93238226,2019-10-03 09:48:28.512
368,80:58:f8:02:ac:4b,54,Nicholas Gross DDS,Corporate Trainer,0.0,employee,0,51.46093752,-0.93238226,2019-10-03 09:48:18.480
369,80:58:f8:02:ac:4b,54,Nicholas Gross DDS,Corporate Trainer,0.0,employee,0,51.46093752,-0.93238226,2019-10-03 09:48:08.054
370,80:58:f8:02:ac:4b,54,Nicholas Gross DDS,Corporate Trainer,0.0,employee,0,51.46093752,-0.93238226,2019-10-03 09:47:57.924
371,80:58:f8:02:ac:4b,54,Nicholas Gross DDS,Corporate Trainer,0.0,employee,0,51.46093752,-0.93238226,2019-10-03 09:47:47.892
372,80:58:f8:02:ac:4b,54,Nicholas Gross DDS,Corporate Trainer,0.0,employee,0,51.46093752,-0.93238226,2019-10-03 09:47:37.864
373,80:58:f8:02:ac:4b,54,Nicholas Gross DDS,Corporate Trainer,0.0,employee,0,51.46093752,-0.93238226,2019-10-03 09:47:27.840
374,80:58:f8:02:ac:4b,54,Nicholas Gross DDS,Corporate Trainer,0.0,employee,0,51.46050376,-0.93231244,2019-10-11 13:10:35.547
375,80:58:f8:02:ac:4b,54,Nicholas Gross DDS,Corporate Trainer,0.0,employee,0,51.46050376,-0.93231244,2019-10-11 13:10:25.420
376,80:58:f8:02:ac:4b,54,Nicholas Gross DDS,Corporate Trainer,0.0,employee,0,51.46050376,-0.93231244,2019-10-11 13:10:15.391
377,80:58:f8:02:ac:4b,54,Nicholas Gross DDS,Corporate Trainer,0.0,employee,0,51.46050376,-0.93231244,2019-10-11 13:10:05.266
378,80:58:f8:02:ac:4b,54,Nicholas Gross DDS,Corporate Trainer,0.0,employee,0,51.46050376,-0.93231244,2019-10-11 13:09:55.236
379,80:58:f8:02:ac:4b,54,Nicholas Gross DDS,Corporate Trainer,0.0,employee,0,51.46050376,-0.93231244,2019-10-11 13:09:49.921
380,80:58:f8:02:ac:4b,54,Nicholas Gross DDS,Corporate Trainer,0.0,employee,0,51.46050376,-0.93231244,2019-10-11 13:09:39.892
381,80:58:f8:02:ac:4b,54,Nicholas Gross DDS,Corporate Trainer,0.0,employee,0,51.46050376,-0.93231244,2019-10-11 13:09:29.766
382,80:58:f8:02:ac:4b,54,Nicholas Gross DDS,Corporate Trainer,0.0,employee,0,51.46050376,-0.93231244,2019-10-11 13:09:19.743
383,80:58:f8:02:ac:4b,54,Nicholas Gross DDS,Corporate Trainer,0.0,employee,0,51.46050376,-0.93231244,2019-10-11 13:09:09.720
384,80:58:f8:02:ac:4b,54,Nicholas Gross DDS,Corporate Trainer,0.0,employee,0,51.46050376,-0.93231244,2019-10-11 13:08:59.588
385,80:58:f8:02:ac:4b,54,Nicholas Gross DDS,Corporate Trainer,0.0,employee,0,51.46050376,-0.93231244,2019-10-11 13:08:49.255
386,80:58:f8:02:ac:4b,54,Nicholas Gross DDS,Corporate Trainer,0.0,employee,0,51.46050376,-0.93231244,2019-10-11 13:08:39.230
387,24:46:c8:ba:f7:a0,11,Joseph Fuentes,Copywriter,1.0,employee,0,51.46083184,-0.93224795,2019-11-06 09:50:28.952
388,24:46:c8:ba:f7:a0,11,Joseph Fuentes,Copywriter,1.0,employee,0,51.46083184,-0.93224795,2019-11-06 09:50:18.945
389,24:46:c8:ba:f7:a0,11,Joseph Fuentes,Copywriter,1.0,employee,0,51.46083184,-0.93224795,2019-11-06 09:50:08.185
390,24:46:c8:ba:f7:a0,11,Joseph Fuentes,Copywriter,1.0,employee,0,51.46083184,-0.93224795,2019-11-06 09:49:58.148
391,24:46:c8:ba:f7:a0,11,Joseph Fuentes,Copywriter,1.0,employee,0,51.46071277812933,-0.9322792073250904,2019-11-06 09:49:48.117
392,24:46:c8:ba:f7:a0,11,Joseph Fuentes,Copywriter,1.0,employee,0,51.46083184,-0.93224795,2019-11-06 09:49:37.985
393,24:46:c8:ba:f7:a0,11,Joseph Fuentes,Copywriter,1.0,employee,0,51.46071277812933,-0.9322792073250904,2019-11-06 09:49:27.955
394,24:46:c8:ba:f7:a0,11,Joseph Fuentes,Copywriter,1.0,employee,0,51.46083184,-0.93224795,2019-11-06 09:49:17.918
395,24:46:c8:ba:f7:a0,11,Joseph Fuentes,Copywriter,1.0,employee,0,51.46083184,-0.93224795,2019-11-06 09:49:07.270
396,24:46:c8:ba:f7:a0,11,Joseph Fuentes,Copywriter,1.0,employee,0,51.46083184,-0.93224795,2019-11-06 09:48:57.236
397,24:46:c8:ba:f7:a0,11,Joseph Fuentes,Copywriter,1.0,employee,0,51.4605946539947,-0.9322801655733992,2019-11-06 09:48:42.894
398,80:58:f8:01:58:8b,82,Sharon Bright,Cashier,2.0,employee,0,51.46093752,-0.93238226,2020-02-18 15:43:07.906
399,80:58:f8:01:58:8b,82,Sharon Bright,Cashier,2.0,employee,0,51.46093752,-0.93238226,2020-02-18 15:42:59.297
400,80:58:f8:01:58:8b,82,Sharon Bright,Cashier,2.0,employee,0,51.46093752,-0.93238226,2020-02-18 15:42:43.052
401,80:58:f8:01:58:8b,82,Sharon Bright,Cashier,2.0,employee,0,51.46093752,-0.93238226,2020-02-18 15:42:37.855
402,80:58:f8:01:58:8b,82,Sharon Bright,Cashier,2.0,employee,0,51.46093752,-0.93238226,2020-02-18 15:42:28.032
403,80:58:f8:01:58:8b,82,Sharon Bright,Cashier,2.0,employee,0,51.46093752,-0.93238226,2020-02-18 15:42:19.237
404,80:58:f8:01:58:8b,82,Sharon Bright,Cashier,2.0,employee,0,51.46093752,-0.93238226,2020-02-18 15:42:07.961
405,80:58:f8:01:58:8b,82,Sharon Bright,Cashier,2.0,employee,0,51.46093752,-0.93238226,2020-02-18 15:41:55.407
406,80:58:f8:01:58:8b,82,Sharon Bright,Cashier,2.0,employee,0,51.46093752,-0.93238226,2020-02-18 15:41:46.569
407,80:58:f8:01:58:8b,82,Sharon Bright,Cashier,2.0,employee,0,51.46093752,-0.93238226,2020-02-18 15:41:37.915
408,80:58:f8:01:58:8b,82,Sharon Bright,Cashier,2.0,employee,0,51.46093752,-0.93238226,2020-02-18 15:41:22.882
409,80:58:f8:01:58:8b,82,Sharon Bright,Cashier,2.0,employee,0,51.46093752,-0.93238226,2020-02-18 15:41:16.460
410,80:58:f8:01:58:8b,82,Sharon Bright,Cashier,2.0,employee,0,51.46093752,-0.93238226,2020-02-18 15:41:07.842
411,80:58:f8:01:58:8b,82,Sharon Bright,Cashier,2.0,employee,0,51.46071774,-0.93239636,2019-12-05 10:02:57.489
412,80:58:f8:01:58:8b,82,Sharon Bright,Cashier,2.0,employee,0,51.46071774,-0.93239636,2019-12-05 10:02:47.455
413,80:58:f8:01:58:8b,82,Sharon Bright,Cashier,2.0,employee,0,51.46071774,-0.93239636,2019-12-05 10:02:37.420
414,80:58:f8:01:58:8b,82,Sharon Bright,Cashier,2.0,employee,0,51.46071774,-0.93239636,2019-12-05 10:02:27.387
415,80:58:f8:01:58:8b,82,Sharon Bright,Cashier,2.0,employee,0,51.46071774,-0.93239636,2019-12-05 10:02:17.276
416,80:58:f8:01:58:8b,82,Sharon Bright,Cashier,2.0,employee,0,51.46071774,-0.93239636,2019-12-05 10:02:07.233
417,80:58:f8:01:58:8b,82,Sharon Bright,Cashier,2.0,employee,0,51.46071774,-0.93239636,2019-12-05 10:01:56.790
418,80:58:f8:01:58:8b,82,Sharon Bright,Cashier,2.0,employee,0,51.46071774,-0.93239636,2019-12-05 10:01:46.763
419,80:58:f8:01:58:8b,82,Sharon Bright,Cashier,2.0,employee,0,51.46071774,-0.93239636,2019-12-05 10:01:36.730
420,80:58:f8:01:58:8b,82,Sharon Bright,Cashier,2.0,employee,0,51.46071774,-0.93239636,2019-12-05 10:01:26.689
421,80:58:f8:01:58:8b,82,Sharon Bright,Cashier,2.0,employee,0,51.46071774,-0.93239636,2019-12-05 10:01:16.567
422,80:58:f8:01:58:8b,82,Sharon Bright,Cashier,2.0,employee,0,51.46071774,-0.93239636,2019-12-05 10:01:06.524
423,80:58:f8:01:58:8b,82,Sharon Bright,Cashier,2.0,employee,0,51.46093752,-0.93238226,2019-10-10 09:12:44.725
424,80:58:f8:01:58:8b,82,Sharon Bright,Cashier,2.0,employee,0,51.46093752,-0.93238226,2019-10-10 09:12:39.709
425,80:58:f8:01:58:8b,82,Sharon Bright,Cashier,2.0,employee,0,51.46093752,-0.93238226,2019-10-10 09:12:29.676
426,80:58:f8:01:58:8b,82,Sharon Bright,Cashier,2.0,employee,0,51.46093752,-0.93238226,2019-10-10 09:12:19.561
427,80:58:f8:01:58:8b,82,Sharon Bright,Cashier,2.0,employee,0,51.46093752,-0.93238226,2019-10-10 09:12:09.516
428,80:58:f8:01:58:8b,82,Sharon Bright,Cashier,2.0,employee,0,51.46093752,-0.93238226,2019-10-10 09:11:59.390
429,80:58:f8:01:58:8b,82,Sharon Bright,Cashier,2.0,employee,0,51.46093752,-0.93238226,2019-10-10 09:11:49.057
430,80:58:f8:01:58:8b,82,Sharon Bright,Cashier,2.0,employee,0,51.46093752,-0.93238226,2019-10-10 09:11:39.026
431,80:58:f8:01:58:8b,82,Sharon Bright,Cashier,2.0,employee,0,51.46093752,-0.93238226,2019-10-10 09:11:28.994
432,80:58:f8:01:58:8b,82,Sharon Bright,Cashier,2.0,employee,0,51.46093752,-0.93238226,2019-10-10 09:11:18.873
433,80:58:f8:01:58:8b,82,Sharon Bright,Cashier,2.0,employee,0,51.46093752,-0.93238226,2019-10-10 09:11:08.842
434,80:58:f8:01:58:8b,82,Sharon Bright,Cashier,2.0,employee,0,51.46093752,-0.93238226,2019-10-10 09:10:58.709
435,80:58:f8:01:58:8b,82,Sharon Bright,Cashier,2.0,employee,0,51.46093752,-0.93238226,2019-10-10 09:10:48.375
436,80:58:f8:01:58:8b,82,Sharon Bright,Cashier,2.0,employee,0,51.46047329,-0.9331763,2019-10-23 13:34:18.674
437,80:58:f8:01:58:8b,82,Sharon Bright,Cashier,2.0,employee,0,51.46047329,-0.9331763,2019-10-23 13:34:08.248
438,80:58:f8:01:58:8b,82,Sharon Bright,Cashier,2.0,employee,0,51.46047329,-0.9331763,2019-10-23 13:33:58.213
439,80:58:f8:01:58:8b,82,Sharon Bright,Cashier,2.0,employee,0,51.46047329,-0.9331763,2019-10-23 13:33:48.180
440,80:58:f8:01:58:8b,82,Sharon Bright,Cashier,2.0,employee,0,51.46047329,-0.9331763,2019-10-23 13:33:37.969
441,80:58:f8:01:58:8b,82,Sharon Bright,Cashier,2.0,employee,0,51.46047329,-0.9331763,2019-10-23 13:33:27.935
442,80:58:f8:01:58:8b,82,Sharon Bright,Cashier,2.0,employee,0,51.46047329,-0.9331763,2019-10-23 13:33:17.813
443,80:58:f8:01:58:8b,82,Sharon Bright,Cashier,2.0,employee,0,51.46047329,-0.9331763,2019-10-23 13:33:07.079
444,80:58:f8:01:58:8b,82,Sharon Bright,Cashier,2.0,employee,0,51.46047329,-0.9331763,2019-10-23 13:32:56.957
445,80:58:f8:01:58:8b,82,Sharon Bright,Cashier,2.0,employee,0,51.46047329,-0.9331763,2019-10-23 13:32:46.833
446,80:58:f8:01:58:8b,82,Sharon Bright,Cashier,2.0,employee,0,51.46047329,-0.9331763,2019-10-23 13:32:36.701
447,80:58:f8:01:58:8b,82,Sharon Bright,Cashier,2.0,employee,0,51.46047329,-0.9331763,2019-10-23 13:32:26.576
448,80:58:f8:01:58:8b,82,Sharon Bright,Cashier,2.0,employee,0,51.46047329,-0.9331763,2019-10-23 13:32:16.544
449,80:58:f8:01:58:8b,82,Sharon Bright,Cashier,2.0,employee,0,51.46065474,-0.93223934,2019-10-14 10:11:43.542
450,80:58:f8:01:58:8b,82,Sharon Bright,Cashier,2.0,employee,0,51.46093752,-0.93238226,2019-10-14 10:10:12.731
451,80:58:f8:01:58:8b,82,Sharon Bright,Cashier,2.0,employee,0,51.46093752,-0.93238226,2019-10-14 10:07:08.399
452,80:58:f8:01:58:8b,82,Sharon Bright,Cashier,2.0,employee,0,51.46065474,-0.93223934,2019-10-14 10:05:45.198
453,80:58:f8:01:58:8b,82,Sharon Bright,Cashier,2.0,employee,0,51.46065474,-0.93223934,2019-10-14 10:05:01.590
454,80:58:f8:01:58:8b,82,Sharon Bright,Cashier,2.0,employee,0,51.46092216982409,-0.932374501858895,2019-10-14 10:04:56.682
455,80:58:f8:01:58:8b,82,Sharon Bright,Cashier,2.0,employee,0,51.46093752,-0.93238226,2019-10-14 10:04:41.040
456,80:58:f8:01:58:8b,82,Sharon Bright,Cashier,2.0,employee,0,51.46065474,-0.93223934,2019-10-14 10:04:32.925
457,80:58:f8:01:58:8b,82,Sharon Bright,Cashier,2.0,employee,0,51.46092216982409,-0.932374501858895,2019-10-14 10:04:25.708
458,80:58:f8:01:58:8b,82,Sharon Bright,Cashier,2.0,employee,0,51.46065474,-0.93223934,2019-10-14 10:04:11.171
459,80:58:f8:01:58:8b,82,Sharon Bright,Cashier,2.0,employee,0,51.46065474,-0.93223934,2019-10-14 10:04:01.554
460,80:58:f8:01:58:8b,82,Sharon Bright,Cashier,2.0,employee,0,51.46093752,-0.93238226,2019-10-14 10:03:50.420
461,80:58:f8:01:58:8b,82,Sharon Bright,Cashier,2.0,employee,0,51.46065474,-0.93223934,2019-10-14 10:03:49.118
462,80:58:f8:01:58:8b,82,Sharon Bright,Cashier,2.0,employee,0,51.46092216982409,-0.932374501858895,2019-10-14 10:03:10.028
463,80:58:f8:01:58:8b,82,Sharon Bright,Cashier,2.0,employee,0,51.46093752,-0.93238226,2019-10-14 10:03:06.534
464,80:58:f8:01:58:8b,82,Sharon Bright,Cashier,2.0,employee,0,51.46092216982409,-0.932374501858895,2019-10-14 10:02:54.488
465,80:58:f8:01:58:8b,82,Sharon Bright,Cashier,2.0,employee,0,51.46093752,-0.93238226,2019-10-14 10:02:43.562
466,80:58:f8:01:58:8b,82,Sharon Bright,Cashier,2.0,employee,0,51.46092216982409,-0.932374501858895,2019-10-14 10:02:39.851
467,80:58:f8:01:58:8b,82,Sharon Bright,Cashier,2.0,employee,0,51.46093752,-0.93238226,2019-10-14 10:02:23.213
468,80:58:f8:01:58:8b,82,Sharon Bright,Cashier,2.0,employee,0,51.46093752,-0.93238226,2019-10-14 10:02:18.702
469,80:58:f8:01:58:8b,82,Sharon Bright,Cashier,2.0,employee,0,51.46092216982409,-0.932374501858895,2019-10-14 10:01:59.150
470,80:58:f8:01:58:8b,82,Sharon Bright,Cashier,2.0,employee,0,51.46065474,-0.93223934,2019-10-14 10:01:48.726
471,80:58:f8:01:58:8b,82,Sharon Bright,Cashier,2.0,employee,0,51.46065474,-0.93223934,2019-10-14 10:01:38.799
472,80:58:f8:01:58:8b,82,Sharon Bright,Cashier,2.0,employee,0,51.46093752,-0.93238226,2019-10-14 10:01:28.771
473,80:58:f8:01:58:8b,82,Sharon Bright,Cashier,2.0,employee,0,51.46093752,-0.93238226,2019-10-14 10:00:53.587
474,80:58:f8:01:58:8b,82,Sharon Bright,Cashier,2.0,employee,0,51.46093752,-0.93238226,2019-10-14 10:00:43.066
475,80:58:f8:01:58:8b,82,Sharon Bright,Cashier,2.0,employee,0,51.46065474,-0.93223934,2019-10-14 10:00:35.042
476,80:58:f8:01:58:8b,82,Sharon Bright,Cashier,2.0,employee,0,51.46093752,-0.93238226,2019-10-14 09:59:48.527
477,80:58:f8:01:58:8b,82,Sharon Bright,Cashier,2.0,employee,0,51.46093752,-0.93238226,2019-10-14 09:59:30.888
478,80:58:f8:01:58:8b,82,Sharon Bright,Cashier,2.0,employee,0,51.46065474,-0.93223934,2019-10-14 09:59:07.124
479,80:58:f8:01:58:8b,82,Sharon Bright,Cashier,2.0,employee,0,51.46065474,-0.93223934,2019-10-14 09:58:31.936
480,80:58:f8:50:57:77,84,Christopher Crosby,Cybersecurity Analyst,0.0,employee,0,51.46065474,-0.93223934,2019-10-18 16:11:47.415
481,80:58:f8:50:57:77,84,Christopher Crosby,Cybersecurity Analyst,0.0,employee,0,51.46065474,-0.93223934,2019-10-18 16:05:32.198
482,80:58:f8:50:57:77,84,Christopher Crosby,Cybersecurity Analyst,0.0,employee,0,51.46065474,-0.93223934,2019-10-18 16:04:15.791
483,80:58:f8:50:57:77,84,Christopher Crosby,Cybersecurity Analyst,0.0,employee,0,51.46065474,-0.93223934,2019-10-18 16:01:43.178
484,80:58:f8:50:57:77,84,Christopher Crosby,Cybersecurity Analyst,0.0,employee,0,51.46065474,-0.93223934,2019-10-18 16:00:49.431
485,80:58:f8:50:57:77,84,Christopher Crosby,Cybersecurity Analyst,0.0,employee,0,51.46065474,-0.93223934,2019-10-18 16:00:27.571
486,80:58:f8:50:57:77,84,Christopher Crosby,Cybersecurity Analyst,0.0,employee,0,51.46065474,-0.93223934,2019-10-18 15:59:43.241
487,80:58:f8:50:57:77,84,Christopher Crosby,Cybersecurity Analyst,0.0,employee,0,51.46065474,-0.93223934,2019-10-18 15:59:13.562
488,80:58:f8:50:57:77,84,Christopher Crosby,Cybersecurity Analyst,0.0,employee,0,51.46065474,-0.93223934,2019-10-18 15:58:47.793
489,80:58:f8:50:57:77,84,Christopher Crosby,Cybersecurity Analyst,0.0,employee,0,51.46065474,-0.93223934,2019-10-18 15:57:58.750
490,80:58:f8:50:57:77,84,Christopher Crosby,Cybersecurity Analyst,0.0,employee,0,51.46065474,-0.93223934,2019-10-18 15:57:45.015
491,80:58:f8:50:57:77,84,Christopher Crosby,Cybersecurity Analyst,0.0,employee,0,51.46065474,-0.93223934,2019-10-18 15:57:34.281
492,80:58:f8:50:57:77,84,Christopher Crosby,Cybersecurity Analyst,0.0,employee,0,51.46065474,-0.93223934,2019-10-18 15:57:16.433
493,80:58:f8:50:57:77,84,Christopher Crosby,Cybersecurity Analyst,0.0,employee,0,51.46065474,-0.93223934,2019-10-18 15:56:30.606
494,80:58:f8:50:57:77,84,Christopher Crosby,Cybersecurity Analyst,0.0,employee,0,51.46065474,-0.93223934,2019-10-18 15:55:48.092
495,80:58:f8:50:57:77,84,Christopher Crosby,Cybersecurity Analyst,0.0,employee,0,51.46065474,-0.93223934,2019-10-18 15:55:17.609
496,80:58:f8:50:57:77,84,Christopher Crosby,Cybersecurity Analyst,0.0,employee,0,51.46065474,-0.93223934,2019-10-18 15:54:50.328
497,80:58:f8:50:57:77,84,Christopher Crosby,Cybersecurity Analyst,0.0,employee,0,51.46065474,-0.93223934,2019-10-18 15:52:41.278
498,80:58:f8:50:57:77,84,Christopher Crosby,Cybersecurity Analyst,0.0,employee,0,51.46078621,-0.93222453,2019-10-18 11:57:10.594
499,80:58:f8:50:57:77,84,Christopher Crosby,Cybersecurity Analyst,0.0,employee,0,51.46059815,-0.93239386,2019-10-18 11:51:40.148
500,80:58:f8:50:57:77,84,Christopher Crosby,Cybersecurity Analyst,0.0,employee,0,51.46078621,-0.93222453,2019-10-18 11:51:31.126
501,80:58:f8:50:57:77,84,Christopher Crosby,Cybersecurity Analyst,0.0,employee,0,51.46059815,-0.93239386,2019-10-18 11:50:45.295
502,80:58:f8:50:57:77,84,Christopher Crosby,Cybersecurity Analyst,0.0,employee,0,51.46078621,-0.93222453,2019-10-18 11:50:36.168
503,80:58:f8:50:57:77,84,Christopher Crosby,Cybersecurity Analyst,0.0,employee,0,51.46059815,-0.93239386,2019-10-18 11:48:29.106
504,80:58:f8:50:57:77,84,Christopher Crosby,Cybersecurity Analyst,0.0,employee,0,51.46078621,-0.93222453,2019-10-18 11:48:19.375
505,80:58:f8:50:57:77,84,Christopher Crosby,Cybersecurity Analyst,0.0,employee,0,51.46059815,-0.93239386,2019-10-18 11:47:25.520
506,80:58:f8:50:57:77,84,Christopher Crosby,Cybersecurity Analyst,0.0,employee,0,51.46078126947574,-0.932226098268396,2019-10-18 11:47:17.698
507,80:58:f8:50:57:77,84,Christopher Crosby,Cybersecurity Analyst,0.0,employee,0,51.46076999614862,-0.9322391290186876,2019-10-18 11:47:02.424
508,80:58:f8:50:57:77,84,Christopher Crosby,Cybersecurity Analyst,0.0,employee,0,51.46076574767699,-0.932240318295108,2019-10-18 11:46:53.430
509,80:58:f8:50:57:77,84,Christopher Crosby,Cybersecurity Analyst,0.0,employee,0,51.46059815,-0.93239386,2019-10-18 11:46:45.713
510,80:58:f8:50:57:77,84,Christopher Crosby,Cybersecurity Analyst,0.0,employee,0,51.46078621,-0.93222453,2019-10-18 11:46:39.693
511,80:58:f8:50:57:77,84,Christopher Crosby,Cybersecurity Analyst,0.0,employee,0,51.46076574767699,-0.932240318295108,2019-10-18 11:46:05.293
512,80:58:f8:50:57:77,84,Christopher Crosby,Cybersecurity Analyst,0.0,employee,0,51.46076574767699,-0.932240318295108,2019-10-18 11:45:36.108
513,80:58:f8:50:57:77,84,Christopher Crosby,Cybersecurity Analyst,0.0,employee,0,51.46059815,-0.93239386,2019-10-18 11:45:22.968
514,80:58:f8:50:57:77,84,Christopher Crosby,Cybersecurity Analyst,0.0,employee,0,51.46076999614862,-0.9322391290186876,2019-10-18 11:45:18.259
515,80:58:f8:50:57:77,84,Christopher Crosby,Cybersecurity Analyst,0.0,employee,0,51.46078126947574,-0.932226098268396,2019-10-18 11:45:07.628
516,80:58:f8:50:57:77,84,Christopher Crosby,Cybersecurity Analyst,0.0,employee,0,51.46076999614862,-0.9322391290186876,2019-10-18 11:44:58.702
517,80:58:f8:50:57:77,84,Christopher Crosby,Cybersecurity Analyst,0.0,employee,0,51.46076574767699,-0.932240318295108,2019-10-18 11:44:48.377
518,80:58:f8:50:57:77,84,Christopher Crosby,Cybersecurity Analyst,0.0,employee,0,51.46078621,-0.93222453,2019-10-18 11:44:39.851
519,80:58:f8:50:57:77,84,Christopher Crosby,Cybersecurity Analyst,0.0,employee,0,51.46058484450711,-0.9323798993500724,2019-10-18 11:44:24.613
520,80:58:f8:50:57:77,84,Christopher Crosby,Cybersecurity Analyst,0.0,employee,0,51.46078621,-0.93222453,2019-10-18 11:44:15.182
521,80:58:f8:50:57:77,84,Christopher Crosby,Cybersecurity Analyst,0.0,employee,0,51.46059815,-0.93239386,2019-10-18 11:43:47.205
522,80:58:f8:50:57:77,84,Christopher Crosby,Cybersecurity Analyst,0.0,employee,0,51.46078126947574,-0.932226098268396,2019-10-18 11:43:37.776
523,80:58:f8:50:57:77,84,Christopher Crosby,Cybersecurity Analyst,0.0,employee,0,51.46076574767699,-0.932240318295108,2019-10-18 11:43:01.383
524,80:58:f8:50:57:77,84,Christopher Crosby,Cybersecurity Analyst,0.0,employee,0,51.46058484450711,-0.9323798993500724,2019-10-18 11:42:41.127
525,80:58:f8:50:57:77,84,Christopher Crosby,Cybersecurity Analyst,0.0,employee,0,51.46058484450711,-0.9323798993500724,2019-10-18 11:42:33.405
526,80:58:f8:50:57:77,84,Christopher Crosby,Cybersecurity Analyst,0.0,employee,0,51.46078126947574,-0.932226098268396,2019-10-18 11:42:10.444
527,80:58:f8:50:57:77,84,Christopher Crosby,Cybersecurity Analyst,0.0,employee,0,51.46076999614862,-0.9322391290186876,2019-10-18 11:42:03.726
528,80:58:f8:50:57:77,84,Christopher Crosby,Cybersecurity Analyst,0.0,employee,0,51.46059815,-0.93239386,2019-10-18 11:41:52.099
529,80:58:f8:50:57:77,84,Christopher Crosby,Cybersecurity Analyst,0.0,employee,0,51.46078621,-0.93222453,2019-10-18 11:41:46.282
530,80:58:f8:50:57:77,84,Christopher Crosby,Cybersecurity Analyst,0.0,employee,0,51.46087626056104,-0.9322343793991508,2019-10-17 10:06:23.634
531,80:58:f8:50:57:77,84,Christopher Crosby,Cybersecurity Analyst,0.0,employee,0,51.46071774,-0.93239636,2019-10-17 10:06:07.803
532,80:58:f8:50:57:77,84,Christopher Crosby,Cybersecurity Analyst,0.0,employee,0,51.46071774,-0.93239636,2019-10-17 10:04:18.209
533,80:58:f8:50:57:77,84,Christopher Crosby,Cybersecurity Analyst,0.0,employee,0,51.46094269,-0.9321665,2019-10-17 10:03:34.399
534,80:58:f8:50:57:77,84,Christopher Crosby,Cybersecurity Analyst,0.0,employee,0,51.46094269,-0.9321665,2019-10-17 10:02:43.971
535,80:58:f8:50:57:77,84,Christopher Crosby,Cybersecurity Analyst,0.0,employee,0,51.46094269,-0.9321665,2019-10-17 10:02:39.958
536,80:58:f8:50:57:77,84,Christopher Crosby,Cybersecurity Analyst,0.0,employee,0,51.46087626056104,-0.9322343793991508,2019-10-17 10:01:46.627
537,80:58:f8:50:57:77,84,Christopher Crosby,Cybersecurity Analyst,0.0,employee,0,51.46087626056104,-0.9322343793991508,2019-10-17 10:01:16.957
538,80:58:f8:50:57:77,84,Christopher Crosby,Cybersecurity Analyst,0.0,employee,0,51.46071774,-0.93239636,2019-10-17 10:01:03.324
539,80:58:f8:50:57:77,84,Christopher Crosby,Cybersecurity Analyst,0.0,employee,0,51.46094269,-0.9321665,2019-10-17 10:00:56.912
540,80:58:f8:50:57:77,84,Christopher Crosby,Cybersecurity Analyst,0.0,employee,0,51.46071774,-0.93239636,2019-10-17 10:00:42.878
541,80:58:f8:50:57:77,84,Christopher Crosby,Cybersecurity Analyst,0.0,employee,0,51.46087626056104,-0.9322343793991508,2019-10-17 10:00:38.263
542,80:58:f8:50:57:77,84,Christopher Crosby,Cybersecurity Analyst,0.0,employee,0,51.46094269,-0.9321665,2019-10-17 10:00:28.739
543,80:58:f8:50:57:77,84,Christopher Crosby,Cybersecurity Analyst,0.0,employee,0,51.46087626056104,-0.9322343793991508,2019-10-17 10:00:11.602
544,80:58:f8:50:57:77,84,Christopher Crosby,Cybersecurity Analyst,0.0,employee,0,51.46087626056104,-0.9322343793991508,2019-10-17 09:59:58.369
545,80:58:f8:50:57:77,84,Christopher Crosby,Cybersecurity Analyst,0.0,employee,0,51.46094269,-0.9321665,2019-10-17 09:59:34.614
546,80:58:f8:50:57:77,84,Christopher Crosby,Cybersecurity Analyst,0.0,employee,0,51.46071774,-0.93239636,2019-10-17 09:59:18.377
547,80:58:f8:50:57:77,84,Christopher Crosby,Cybersecurity Analyst,0.0,employee,0,51.46087626056104,-0.9322343793991508,2019-10-17 09:59:03.470
548,80:58:f8:50:57:77,84,Christopher Crosby,Cybersecurity Analyst,0.0,employee,0,51.46094269,-0.9321665,2019-10-17 09:58:54.030
549,80:58:f8:50:57:77,84,Christopher Crosby,Cybersecurity Analyst,0.0,employee,0,51.46071774,-0.93239636,2019-10-17 09:58:33.587
550,80:58:f8:50:57:77,84,Christopher Crosby,Cybersecurity Analyst,0.0,employee,0,51.46087626056104,-0.9322343793991508,2019-10-17 09:58:28.772
551,80:58:f8:50:57:77,84,Christopher Crosby,Cybersecurity Analyst,0.0,employee,0,51.46071774,-0.93239636,2019-10-17 09:57:55.699
552,80:58:f8:50:57:77,84,Christopher Crosby,Cybersecurity Analyst,0.0,employee,0,51.46094269,-0.9321665,2019-10-17 09:57:49.086
553,80:58:f8:50:57:77,84,Christopher Crosby,Cybersecurity Analyst,0.0,employee,0,51.46094269,-0.9321665,2019-10-17 09:57:02.984
554,80:58:f8:50:57:77,84,Christopher Crosby,Cybersecurity Analyst,0.0,employee,0,51.46094269,-0.9321665,2019-10-17 09:56:55.997
555,80:58:f8:50:57:77,84,Christopher Crosby,Cybersecurity Analyst,0.0,employee,0,51.46094269,-0.9321665,2019-10-17 09:56:49.459
556,80:58:f8:50:57:77,84,Christopher Crosby,Cybersecurity Analyst,0.0,employee,0,51.46094269,-0.9321665,2019-10-17 09:56:14.074
557,80:58:f8:50:57:77,84,Christopher Crosby,Cybersecurity Analyst,0.0,employee,0,51.46071774,-0.93239636,2019-10-17 09:55:59.137
558,80:58:f8:50:57:77,84,Christopher Crosby,Cybersecurity Analyst,0.0,employee,0,51.46071774,-0.93239636,2019-10-17 09:55:46.126
559,80:58:f8:50:57:77,84,Christopher Crosby,Cybersecurity Analyst,0.0,employee,0,51.46071774,-0.93239636,2019-10-17 09:55:17.642
560,80:58:f8:50:57:77,84,Christopher Crosby,Cybersecurity Analyst,0.0,employee,0,51.46087626056104,-0.9322343793991508,2019-10-17 09:54:42.876
561,80:58:f8:50:57:77,84,Christopher Crosby,Cybersecurity Analyst,0.0,employee,0,51.46094269,-0.9321665,2019-10-17 09:54:01.676
562,80:58:f8:50:57:77,84,Christopher Crosby,Cybersecurity Analyst,0.0,employee,0,51.46071774,-0.93239636,2019-10-17 09:53:56.967
563,80:58:f8:50:57:77,84,Christopher Crosby,Cybersecurity Analyst,0.0,employee,0,51.46094269,-0.9321665,2019-10-17 09:49:35.388
